    5 11332010
    5 21322001
    5 32322016
    6 12332007
    6 22222011
    9 11322016
   28 11332006
   28 22222006
   28 31322006
   28 42322007
   28 52322007
   28 61222007
   28 71322006
   28 81222006
   28 91222006
   28101322009
   28112222009
   28121322007
   28131222006
   28142222013
   28152222013
   34 11312016
   34 22312016
   34 31212016
   34 42112015
   34 51112015
   37 11322018
   37 21322018
   37 31222018
   37 42222018
   37 51222018
   37 61222017
   37 72322017
   38 12332010
   38 22222003
   38 32222010
   38 41222013
   38 52222013
   38 61222010
   38 72222008
   38 82222008
   43 11312011
   43 22312016
   50 12332017
   50 21322017
   50 32322017
   50 41322017
   50 51322017
   50 61322017
   50 72322017
   50 82222005
   50 92222005
   50101222005
   50112222005
   50122222005
   50132222005
   50142322017
   50151222005
   50162222005
   50172222005
   50182222005
   50192222005
   50202322005
   50212222005
   50222222005
   50232222005
   50242222005
   50252322005
   50262222005
   51 11322014
   51 22222014
   56 12339998
   56 21221994
   56 32221994
   56 42222007
   56 51221998
   56 62211998
   62 12332010
   62 22222010
   62 32222003
   62 42222003
   62 51222010
   62 62222007
   62 72322010
   65 12332017
   65 21222014
   65 32322015
   65 42222014
   65 52222014
   65 62222014
   65 71222014
   65 81322014
   65 91222014
   65101222014
   65112222014
   65121222014
   65132222014
   65142222014
   65151322014
   65162222014
   65172322014
   65182222014
   65192222014
   65202222014
   65211222014
   65222222014
   65232222014
   65241222014
   65251222014
   65261222014
   65272122014
   65282322014
   65291222014
   65302222014
   67 12332017
   67 22222017
   67 32222017
   67 42222017
   67 52222017
   67 62222017
   67 71222017
   67 81222017
   67 92222017
   67101222017
   67112222017
   67121222017
   67132222017
   67141222017
   67151222017
   67161222017
   68 12332017
   69 12312004
   69 22212008
   76 11331984
   76 21211987
   76 31112010
   76 41212012
   79 12331995
   79 22221999
   79 32221995
   79 42221995
   82 12319999
   82 22219999
   82 32219999
   82 41219999
   82 51219999
   82 61219999
   82 72219999
   82 81219999
   82 91219999
   82101219999
   83 12332016
   83 21222008
   85 12332014
   85 21322014
   85 32322014
   85 42222014
   85 51322014
   85 61322014
   85 71222014
   85 82322014
   85 91322014
   85101322014
   85112222014
   85122322014
   85132322014
   85142322014
   85152322014
   85161322014
   89 11322016
   89 22322016
   89 31322016
   89 41322016
   98 12312017
   99 11332016
   99 22222003
   99 32222010
   99 42222010
   99 52322016
   99 62322017
   99 72222009
   99 82322017
  106 12331994
  106 22222003
  106 31222003
  106 41222001
  106 52221996
  113 12332012
  113 22212015
  113 32222005
  113 42222005
  113 52222005
  113 61222010
  113 71222005
  113 82222005
  113 92222005
  113102222005
  113111222005
  113122222005
  113132222005
  113142222005
  113152222005
  113162222005
  113172222005
  113182222005
  113192222005
  113202222014
  113212222005
  113222222006
  113232222005
  113242222005
  113252222005
  113262222005
  113272222005
  113281222013
  113292222008
  113302222016
  116 12332016
  116 22222016
  116 32222016
  116 42222016
  117 11311998
  117 21222017
  123 12332006
  123 22212005
  123 32312015
  123 42312014
  123 52312006
  123 62212015
  127 12332014
  127 22212016
  127 31212015
  127 42212017
  127 52312017
  127 62212017
  129 12322015
  129 22222015
  129 32322015
  129 42322015
  129 52322015
  129 62322015
  129 72322015
  129 82322015
  134 12322016
  134 21322016
  134 32322016
  134 41322016
  134 51322016
  134 61322016
  134 72322016
  134 81322016
  137 12332013
  137 21222013
  137 32222013
  137 42322013
  137 51222013
  137 62222013
  137 72222013
  137 81222013
  137 92322013
  137102222013
  137111222013
  137121322013
  137131212012
  137141212012
  137151312012
  137161312012
  137172212012
  143 12332003
  143 22322011
  143 32222010
  143 42322009
  143 52222003
  143 62322003
  143 72222003
  146 12331998
  146 22222008
  146 32222004
  146 42222008
  146 52221999
  146 62221998
  146 71221998
  146 81221998
  146 92222006
  146102222008
  146112222001
  146121221990
  146131121996
  146141222000
  146152122000
  146162222005
  146172222000
  146182222006
  146192222001
  146202222006
  146211222016
  146222222016
  146232221996
  147 12332013
  147 21222013
  147 32222015
  147 41222015
  151 12332010
  151 22322010
  151 32222003
  151 42222010
  151 52222011
  158 12332014
  158 21222014
  158 32222014
  158 41222014
  158 51222014
  158 61222014
  158 71222014
  158 82222014
  158 91222014
  158102222014
  158112222014
  158121222014
  160 12332014
  160 22222014
  160 31222014
  160 42222014
  160 52222014
  160 62222014
  162 12332015
  162 22222006
  162 32222006
  162 42212006
  162 51212006
  162 61212006
  162 71212006
  162 81212006
  162 91112006
  162101112006
  162112212006
  162122112006
  162131212006
  162141212006
  162152212006
  162162112006
  162171112006
  162181112006
  162191212006
  162202112006
  162211112006
  162222212006
  162231112006
  162242112006
  163 12332003
  163 22212003
  163 32212003
  163 42212017
  163 51212012
  163 61212013
  164 12332007
  164 21112009
  164 31112009
  164 42112011
  164 51112006
  164 61112006
  176 12312011
  176 22211999
  176 31312015
  177 12322003
  177 22222014
  177 32222006
  177 42221999
  177 52222017
  177 62222011
  177 72222003
  177 82222006
  177 92222011
  177102222015
  177112912018
  177122912018
  177131912018
  177142912018
  177152912018
  177162912018
  179 12332018
  179 22322018
  179 32322018
  179 41322018
  179 51322018
  184 12332010
  184 22221998
  184 32221998
  184 42221998
  184 52221998
  184 61221998
  186 12332002
  186 22212002
  186 32212002
  186 42212002
  186 51212002
  191 12331984
  191 22212006
  191 32212006
  191 42212001
  191 52211990
  191 62212006
  191 72211991
  191 82212003
  191 91211984
  191101219999
  191111111985
  191122219999
  191132219999
  191141219999
  191151312016
  191161212016
  191172219999
  191182222006
  191192229999
  191202229999
  191212229999
  191222222017
  191232219999
  193 12322017
  196 12322018
  196 22212018
  197 12332010
  197 22322010
  197 32222010
  197 42222007
  200 12332010
  200 22222018
  200 32322018
  200 41322018
  204 11332013
  204 22222013
  204 32222013
  204 42222013
  204 51222013
  204 62222013
  204 72222013
  205 12332014
  205 22212003
  205 32212003
  205 42212010
  207 12312008
  207 22312008
  207 31312008
  207 42312008
  207 52312008
  207 61312008
  209 11321996
  209 22222010
  209 32221992
  209 41222010
  209 52112017
  209 61221996
  212 11312001
  213 11339998
  213 22222011
  213 31222010
  213 42121993
  213 52222011
  213 62222011
  213 71121993
  213 81222010
  213 91222013
  213101222010
  213112222013
  213121121997
  213131221998
  213142221996
  213151121996
  213162221996
  213172221996
  213182221998
  213192221998
  213202221996
  213212222010
  213221222010
  213232121992
  213242222010
  213251221993
  213261121996
  213271122010
  215 12331998
  215 21222010
  215 32222010
  215 42221996
  216 11331988
  216 21912010
  216 31912010
  216 41912000
  216 51912010
  216 61912010
  216 71912010
  216 82312010
  216 92312010
  217 12331996
  217 22921996
  217 32921998
  217 42921996
  217 52921996
  217 61921997
  218 11332004
  221 12312014
  221 21112015
  222 11332016
  222 22222016
  222 31222016
  222 41222016
  222 52222016
  222 62222016
  222 71222016
  222 81222016
  222 91222016
  222101222016
  222111222016
  222121222016
  222131222016
  222141222016
  222151222016
  222161222016
  222171222016
  222182222016
  222192222016
  222201222016
  222212222016
  223 11312001
  223 21212002
  223 32112008
  223 41111998
  228 11332016
  228 22212014
  228 32212015
  228 42112015
  228 51112015
  237 11332012
  238 12332012
  238 22112011
  240 11331982
  241 11322001
  244 12332015
  244 21212017
  244 32212017
  248 12322010
  250 12322014
  252 12332016
  252 21211995
  252 31212010
  252 41212010
  254 12332010
  254 21312016
  259 11331995
  259 21312011
  259 31112009
  259 41212010
  259 51111994
  259 61111994
  259 71112011
  259 81111997
  259 91211996
  263 12322006
  265 12332010
  265 21211982
  267 12331996
  267 21122016
  267 32222016
  267 42222016
  267 51222016
  267 61222016
  267 71222016
  269 11312003
  269 21222013
  269 32222013
  269 42222013
  269 51222013
  273 11322014
  273 22212017
  273 31222008
  273 41222008
  273 52212017
  273 62212017
  273 72222014
  273 81122008
  275 11321995
  278 12332007
  278 21212017
  278 31212014
  278 41212014
  278 52212014
  278 62212014
  278 72212016
  278 82212016
  278 91212017
  278101212016
  278111212014
  278122212017
  278131212017
  278141212014
  278151312014
  278162212016
  278171212014
  278181212017
  278191212017
  279 11312008
  279 21212008
  279 31212008
  279 41212008
  279 51212008
  279 62212008
  279 71212017
  279 81212008
  280 11312003
  280 22212007
  280 32212003
  280 42212012
  287 12332016
  287 21112016
  287 32912016
  287 41912016
  299 11312017
  299 22212017
  299 31212017
  299 41212017
  299 52112017
  299 62112017
  299 72112017
  299 82112017
  299 92112017
  299101112017
  302 12332011
  302 22212016
  304 12332013
  304 22212015
  304 31112015
  305 11332003
  305 21212003
  305 31222005
  305 42222013
  305 52222015
  305 62222003
  305 71212003
  308 12331998
  308 22111996
  308 31211996
  308 41211996
  308 52212015
  310 12312016
  310 22212017
  310 32212015
  312 11332012
  312 22212012
  318 11322013
  318 21222013
  318 31212013
  318 42222013
  318 52222013
  318 62222013
  318 72222013
  318 82222013
  318 92222013
  318102222013
  318112222013
  318121222013
  318132222013
  318142222013
  319 12332006
  319 22222006
  319 31122006
  319 42222016
  319 51222006
  319 61222006
  319 71222006
  319 81122006
  319 91222006
  319101212006
  319111222006
  319121222006
  319131122006
  319141222006
  319152222006
  319161122006
  319171222006
  319182122006
  319191222006
  319201122006
  319212222006
  319222222006
  319232322006
  319241222006
  321 12312012
  321 21212012
  321 32919998
  322 12312006
  324 11312010
  325 11331999
  325 22111999
  325 31112000
  325 41112004
  326 12332016
  326 21212016
  326 32112016
  326 41222016
  326 51212017
  330 11322006
  331 11332008
  331 21222008
  331 32212008
  331 41212017
  331 51222008
  331 62212017
  331 71212008
  331 82212017
  331 92212017
  331101212014
  331111222008
  331121222013
  331132212014
  331142212014
  331151222008
  331161212008
  331171112017
  332 11322006
  332 21222006
  332 32222006
  332 42222006
  332 52222006
  332 62222006
  332 72222006
  332 81222006
  332 91222006
  332101222006
  332111222006
  332122222006
  332131222006
  332141222012
  332151222006
  332161222006
  332171222006
  332182222006
  332191222012
  332201222006
  332211222006
  332221222006
  332232222006
  332241222006
  332251122006
  332261112006
  332271222006
  332281322008
  332291222008
  332302122006
  332312322006
  332321222006
  332332222016
  336 12332014
  336 21222001
  336 31229999
  336 42222013
  336 51229999
  336 62229999
  336 72229999
  336 82229999
  336 91229999
  345 12332014
  345 21312012
  345 31212012
  345 41322014
  345 52212012
  346 12331992
  346 22221994
  346 32222011
  346 41221994
  346 52122009
  346 62222015
  346 72222015
  346 82121994
  346 92221997
  346101222009
  346112121997
  346122221997
  346131121993
  346141222005
  346152222016
  346161221994
  346172222008
  346181121996
  346191122005
  346201122007
  346211212016
  346222121998
  346232122002
  346242121999
  346252212017
  346261121994
  346272212017
  346282222000
  346292222016
  346301221999
  346311222004
  346321121999
  346331121999
  346341122003
  346351222002
  346361122004
  346371122004
  346381121999
  346391121999
  346401121999
  346411112016
  346421121999
  346431122003
  346441122004
  346451121994
  349 11332000
  349 21222004
  349 31222004
  349 41229998
  349 51229998
  349 61229998
  349 71229998
  349 81229998
  349 91229998
  350 12332003
  350 21221990
  350 31121995
  350 41121989
  350 51221998
  350 61229998
  350 71221998
  350 82129998
  350 91229998
  350101219998
  350112229998
  350121121998
  350131121998
  350141121998
  350152122015
  350162122002
  350171121990
  350181129998
  353 11332003
  353 22221998
  353 31222002
  353 42212008
  353 51229999
  353 62229999
  353 71229999
  353 81229999
  353 91229998
  356 12332015
  356 22311990
  356 32221994
  356 42221999
  356 52222000
  356 62222011
  356 71221993
  356 81221988
  356 91222004
  356101222002
  356112222015
  356122221994
  356132222015
  356141221999
  356152222011
  356162221988
  356172221999
  356182221988
  356191221994
  356202222016
  356211221993
  356222222011
  356232222004
  356242222014
  356251221992
  356262221987
  357 12332015
  357 22222004
  357 32222007
  358 12332013
  358 22122013
  358 32222013
  358 42122013
  358 51222013
  358 62122013
  358 71222013
  358 81222013
  358 92122013
  358102222014
  358111222013
  358121222013
  359 12322008
  359 22322016
  359 32222015
  359 42222010
  359 52321987
  359 61221987
  359 71221987
  359 82322018
  359 92222013
  359102222013
  359111221987
  359121222017
  362 11312013
  367 11322000
  367 22212015
  367 32212017
  367 41112017
  367 52122003
  367 62222016
  367 72212016
  367 82222017
  367 91222018
  367102222015
  367111222013
  367122222018
  367131222000
  367142222016
  367152222010
  367162212008
  367171112015
  367182212015
  367192212017
  367202212015
  370 12322017
  370 21222017
  375 12332015
  375 22222015
  375 32222015
  375 41222015
  377 12339999
  377 21919999
  377 32919999
  377 41919999
  377 51919999
  381 12312016
  391 11311983
  391 21221983
  391 31121983
  392 12332003
  392 21921983
  392 31921983
  392 41921983
  392 52921983
  394 11312002
  394 22119999
  394 31222008
  394 42112010
  394 51112015
  394 62112016
  394 72112010
  394 81212017
  394 92212014
  394102112015
  394111212016
  394121222013
  394132112008
  394142112017
  394152112016
  400 11322018
  407 12332000
  407 22221983
  407 31121983
  407 41112000
  407 51112000
  407 61121983
  411 11311981
  411 21211981
  414 11312001
  418 12332016
  418 21122016
  418 31222016
  418 42222016
  418 51222016
  418 61312016
  419 12312017
  419 21222017
  419 32312017
  419 41212017
  419 51222017
  420 12322015
  420 22222015
  420 32222015
  420 42222015
  421 12332006
  421 22222006
  421 32222012
  421 42222016
  421 52222006
  421 61222006
  422 11329998
  422 21229998
  422 32229998
  422 41229998
  423 12332006
  423 22222006
  423 32222006
  423 41222006
  423 52222006
  423 62222006
  423 71222006
  423 81222006
  425 11331990
  425 21222016
  425 32222016
  425 41222016
  426 12322008
  426 21222008
  426 31222008
  426 41222016
  427 12332013
  427 21222017
  427 31222017
  427 41221976
  427 51221976
  427 62222017
  427 71222017
  427 82222017
  427 92222017
  427101222017
  427112222017
  427121222016
  427132222017
  427142222017
  427152222016
  432 11322010
  432 22122010
  432 32222015
  433 11322008
  433 21212010
  433 31222012
  433 41222013
  433 51222013
  434 11322009
  434 21122009
  436 12322014
  439 11322009
  439 21212009
  439 31222009
  439 41212010
  439 52212009
  439 62222008
  441 11322016
  441 21222014
  441 31222015
  442 11322017
  442 22221990
  442 31222018
  445 11322017
  445 22222017
  445 32221995
  447 11322011
  447 21222008
  447 31122008
  453 11329999
  453 22229999
  453 31222006
  453 41222006
  453 51222006
  453 62222006
  453 72222006
  453 81222006
  454 11312012
  454 21212012
  454 32212012
  454 41212012
  454 51222018
  454 61222018
  455 11322004
  455 22929999
  455 31929999
  456 11321988
  456 21121988
  456 31222014
  458 12322008
  458 21112008
  458 32212012
  463 11322013
  463 22222013
  463 31322013
  463 42222013
  463 51222013
  463 62222013
  466 11312017
  476 11332008
  476 21211978
  477 12332002
  477 21222008
  477 31222008
  477 41222008
  477 52222008
  477 62222008
  477 71222008
  477 82222008
  477 92222008
  477101222008
  477112222008
  477121222008
  477131221991
  477142222008
  477152322008
  477161922013
  477171222016
  477182222008
  480 11322014
  480 22222014
  480 32322008
  480 42222008
  480 52322014
  480 62322014
  480 71322014
  480 82222014
  480 92222007
  480101222007
  486 12331996
  486 21222015
  486 31211996
  486 42322017
  486 52322017
  486 62322017
  487 12332015
  487 21222015
  487 32222015
  487 42222015
  489 12311997
  490 11321980
  490 21221999
  490 32222018
  495 11312010
  495 22212009
  495 31212010
  495 42212009
  495 51211982
  495 61111982
  495 72212009
  499 12339999
  499 22929999
  499 32929999
  499 42929999
  499 51929999
  501 12332015
  501 21222013
  502 12332006
  502 21222006
  502 31222006
  502 42222006
  502 51222006
  502 62222006
  502 72222006
  502 82222006
  502 92222006
  502102222006
  502111222006
  503 12332008
  503 21229999
  503 32229999
  504 12339998
  504 22222006
  504 32121979
  504 42222006
  504 51221985
  505 12339999
  505 22922005
  505 32929999
  505 42929999
  505 52929999
  505 62929999
  512 12332018
  512 21222013
  512 31322007
  512 42322008
  512 52322008
  512 62322008
  512 72322008
  515 12322015
  515 21222017
  516 12312010
  516 22112010
  517 12332018
  517 21222006
  517 31221998
  517 42222012
  517 52222009
  517 62221998
  517 72221998
  517 82222010
  519 12321990
  519 22212001
  522 12311979
  523 11331982
  523 22221996
  523 31222015
  523 41121985
  524 12331995
  524 21121996
  524 31222006
  524 41222016
  524 52229999
  524 61221996
  525 11332009
  525 21112012
  525 31112012
  525 41112012
  526 11312006
  526 22212002
  526 31212005
  526 42211979
  527 12339999
  527 21121994
  527 32221994
  527 41111994
  529 12339999
  529 21221979
  529 31921979
  529 41212007
  529 51912007
  529 61912007
  529 71912007
  529 81912007
  529 91912017
  529101912011
  529111912011
  529121912011
  529131912011
  529141912008
  530 12332017
  530 22121998
  530 31922017
  530 42922017
  530 52912018
  530 62222018
  530 71222018
  532 11339999
  532 21329999
  532 31229999
  532 42229999
  532 51229999
  532 62229999
  532 71229999
  532 81229999
  532 91229999
  532101229999
  532111229999
  532122229999
  532131229999
  532141229999
  532152229999
  532162229999
  532171229999
  532181229999
  532191229999
  532201229999
  532211229999
  535 12331986
  535 21221992
  535 31221995
  535 41222007
  535 51221986
  535 61221997
  535 71222005
  535 82122001
  535 91221992
  535101222007
  535111221995
  535121221986
  535132122005
  535141121991
  535151121994
  535161121991
  535171221986
  535181221995
  535191121989
  535202122007
  535211121997
  537 11321990
  537 21221990
  537 31121990
  537 42222006
  537 51121990
  537 61222011
  537 71121997
  537 81122006
  537 91322014
  540 11332002
  540 21222013
  540 32222013
  540 41221989
  540 52222013
  540 61229998
  540 71222013
  540 82221991
  540 91222002
  540101229998
  540111229998
  540121222000
  540131222000
  540141221991
  540152222010
  540161222001
  540172222013
  540182222010
  541 11332017
  541 22222017
  541 31222017
  542 11332006
  542 21221993
  542 32222011
  542 42222012
  542 52222011
  542 62222006
  547 12312005
  547 21222008
  547 31222008
  547 41222008
  547 51222008
  547 61222008
  547 72122008
  547 82222008
  547 91222008
  547102222008
  547111222008
  547121222005
  547131222005
  547141222005
  547151222005
  547162222005
  547171122005
  547181122005
  547191122005
  547201122005
  547211222005
  547221222005
  547231222005
  547241222005
  547251222005
  547261222005
  548 12312015
  548 21222014
  548 32212012
  548 42212015
  552 12332018
  552 22112014
  552 32222014
  552 41212014
  552 51112014
  552 62122014
  554 12332015
  554 22222012
  554 32222012
  558 12312014
  558 22212015
  558 32312017
  558 42312017
  560 12332012
  560 21121986
  562 11332017
  562 22222017
  562 32222018
  563 12322018
  563 22112016
  563 31212015
  563 41112017
  563 51212017
  566 11312010
  566 21222010
  566 31222010
  567 12319999
  567 22219999
  567 32919999
  567 42119999
  567 52119999
  567 62219999
  567 72119999
  567 81219999
  567 92119999
  567102119999
  567112119999
  567122219999
  567132219999
  567142919999
  567152119999
  567162119999
  567172919999
  567182119999
  567192119999
  567202119999
  567212219999
  567222219999
  567232119999
  567242219999
  567252219999
  567261229999
  567271229999
  568 12322014
  569 11331995
  569 22322013
  569 32222013
  569 42222017
  569 51222017
  569 62222017
  569 71222013
  569 82222017
  569 91222017
  569102322017
  569111222013
  569122222013
  569132222013
  569142222013
  569152222017
  569162122013
  569172222017
  569182222017
  570 12332013
  570 21222011
  570 31222011
  570 41222013
  572 12332013
  572 21222012
  572 31222012
  572 41221989
  572 51121989
  572 62222017
  572 72222017
  573 12332013
  573 22222013
  573 31222016
  573 41221998
  573 51222015
  573 62222013
  573 72222013
  573 81222013
  573 92222013
  573102222013
  574 12332011
  574 21222013
  574 31222015
  574 41222017
  576 11322011
  576 21222011
  576 32222011
  576 42222011
  576 52222011
  576 62222011
  576 71222011
  576 82222011
  577 11312017
  577 22212017
  578 11331989
  578 22222012
  578 32221989
  578 41222012
  578 52221989
  578 62221989
  578 71221989
  578 82222013
  578 91222013
  578102222012
  578112222014
  578121222012
  578131121989
  578141222012
  578151222004
  578162222016
  578171221989
  578181222017
  578192222017
  578202222017
  578212222017
  579 12332005
  579 22322010
  579 31221989
  579 41222013
  579 51222013
  579 62222017
  579 72222017
  579 82222017
  581 11322017
  581 21221989
  581 31221979
  581 42222017
  581 52222013
  581 62222017
  581 72222012
  582 11322013
  582 22221989
  582 32122013
  582 41121982
  582 51129999
  582 62121989
  582 72221989
  582 81222017
  582 91322017
  582102121989
  583 12332013
  583 22222007
  583 32222017
  583 41221989
  583 52222017
  583 61222013
  584 12332012
  584 21121993
  584 31222003
  584 41222014
  584 51222017
  584 62222017
  585 11322003
  585 21221997
  585 31229999
  585 42222013
  585 51221997
  585 62221991
  585 72222013
  585 82222013
  585 92222017
  585102222017
  586 11322017
  586 21222010
  586 31222017
  586 41222017
  586 52222013
  586 62222013
  588 11332016
  588 22221996
  588 31221996
  588 42221996
  588 51221996
  588 62222010
  588 71221996
  588 82221996
  588 91222010
  588101221996
  588111221996
  588122222012
  589 12322010
  589 22222017
  589 32222010
  589 42222010
  589 52222017
  589 62222017
  589 72222017
  589 82222017
  589 92222010
  589102222017
  590 12332018
  590 22222011
  590 31222001
  590 42222001
  590 52222016
  590 62222018
  590 71322008
  590 82222001
  590 92222016
  590102222018
  590111222018
  590121222018
  590131322018
  590142222001
  590151222018
  590162222011
  590171222013
  591 12322017
  591 22222017
  591 31222017
  591 41222017
  591 52222017
  591 62222017
  591 72222014
  591 82222014
  592 12332017
  592 22322015
  592 32222015
  592 42222015
  592 51222014
  592 61222013
  592 71222013
  592 82222017
  592 91222017
  592102222017
  592111222017
  592121222017
  592131222017
  592141222017
  592152222017
  592161222017
  593 12332006
  593 21222006
  593 31222006
  593 41222006
  593 52222006
  593 61222006
  593 71222006
  593 82222006
  593 91122006
  593102222006
  594 12332012
  594 21222006
  594 32222006
  594 41222006
  594 51222016
  594 61222006
  594 71122006
  594 82222006
  594 92122006
  594102222006
  594111122006
  595 11322013
  595 22222013
  595 31222003
  595 41222003
  595 51222003
  595 61322003
  595 71221982
  595 82222014
  596 11311982
  599 12322017
  600 11322003
  600 21222003
  600 32122007
  600 41121982
  600 51121982
  600 61121982
  603 12332013
  603 22222013
  603 32222017
  603 42222013
  604 11322006
  604 21222006
  604 31222006
  604 41222006
  604 51222006
  604 62222006
  604 71222006
  604 81222006
  605 12332013
  605 21222015
  605 32222006
  605 42222006
  605 51222006
  605 62222006
  605 72222006
  605 82222010
  605 91222006
  606 12339999
  606 22229999
  606 32229999
  606 41929999
  606 51229999
  606 61929999
  606 71229999
  606 81229999
  606 91229999
  607 12312003
  609 12332006
  609 21212009
  609 31222016
  609 41222016
  609 51122016
  609 61122016
  609 71122016
  609 81122016
  609 91122016
  609102122016
  609112122016
  609122122016
  609131122016
  610 11332006
  610 21312008
  610 31222016
  610 41222016
  610 51122016
  610 61222016
  610 71222016
  610 81222016
  610 91222016
  610101122016
  610111222016
  610121122016
  610131122016
  610141122016
  610152222016
  611 11322017
  611 21222017
  611 31222017
  611 41222017
  612 12322011
  612 21222009
  612 32222006
  612 42222010
  612 51222008
  612 62222014
  612 71222014
  612 81222006
  612 92222014
  612102222006
  612112222007
  612122222013
  612131222013
  612141222013
  612151222006
  612161222013
  612171222013
  612181222013
  612191222013
  612201222013
  612212222013
  613 11332004
  613 21222015
  613 31222010
  613 42222010
  613 52222015
  613 62222010
  613 72222010
  613 81222010
  613 92222010
  613101222014
  613111222017
  613121222017
  614 11322013
  614 21312017
  614 32212017
  615 12339999
  615 22922017
  615 31912017
  615 41922017
  615 51912017
  615 61912017
  615 72922017
  615 82912017
  616 12332017
  616 21322018
  616 31222018
  616 41222018
  616 51222018
  616 61222018
  616 72222018
  616 81322018
  616 91222018
  618 12332018
  618 21222018
  618 31222018
  619 12332014
  619 21322014
  620 12332017
  620 22222017
  620 31222017
  620 41222017
  620 52222017
  620 61222017
  620 71222017
  620 81222017
  620 91222017
  620101222017
  620111222017
  620121222017
  620131222017
  622 12332008
  622 21222012
  622 31222008
  622 41222008
  622 51222008
  622 61222008
  622 72222008
  623 12332013
  623 21222008
  623 32222008
  623 42222009
  623 52222014
  623 61222010
  623 71222018
  623 81222018
  623 91222018
  623101222018
  624 11322018
  626 11322008
  626 21222008
  626 32222008
  626 42222008
  626 51222008
  627 12322012
  627 21222012
  627 32222014
  627 42222012
  627 52222012
  627 62222012
  627 71222014
  627 82222014
  627 91222014
  627102222014
  627112222014
  627122222014
  627132222017
  628 12332000
  628 21222013
  628 31322014
  628 42222014
  628 51222013
  628 62222014
  628 72322013
  628 81322013
  628 92322014
  628102222013
  628112222018
  629 12332016
  629 21222009
  629 32222012
  630 12332016
  630 21322015
  630 32222015
  630 42222013
  631 12332002
  631 21322013
  631 31222013
  631 41322015
  631 52312018
  632 12332015
  632 21322014
  632 31222014
  632 42222012
  632 51222012
  632 62222012
  632 71322014
  632 81222014
  632 92222014
  633 12332017
  633 21211996
  633 31112012
  633 42112015
  633 51112015
  633 61212018
  633 72212018
  634 11332010
  634 22322012
  634 32322012
  634 41322012
  634 52222012
  634 62222015
  634 71222012
  634 82222012
  634 91222012
  634102222012
  636 11322015
  636 21322015
  636 31222015
  636 41222015
  636 51222015
  636 61222015
  638 12319998
  638 21919998
  638 32229998
  638 42219998
  639 11322015
  639 22222015
  639 32222015
  639 41222015
  641 11322015
  641 22222015
  641 32222015
  641 41222015
  641 51222015
  642 12332009
  642 22222015
  642 32222015
  642 41112014
  642 52112017
  642 61112006
  642 71112010
  642 81212007
  642 91212007
  642101112010
  643 12329998
  647 12322015
  649 12332003
  649 22222016
  649 31222015
  649 41222014
  649 52222016
  650 11331989
  650 22322015
  650 31322015
  650 42222015
  650 52222015
  651 11322014
  651 22222014
  651 31222014
  651 42222014
  653 11322015
  653 22222015
  654 11332014
  654 21322014
  654 31222014
  654 42222014
  654 51222014
  654 62222014
  654 71222014
  655 11322012
  655 21222012
  655 31222013
  655 42222012
  655 52222012
  655 62222012
  655 72222012
  655 82222014
  655 92222014
  655101222014
  656 12332016
  656 21222014
  656 32222014
  656 42222014
  656 51222013
  656 61222013
  657 12331998
  657 21222013
  657 32222013
  657 42222013
  657 52222013
  657 62222013
  658 12332017
  658 21222014
  658 31222017
  658 42222017
  659 12332018
  659 21222013
  659 32222013
  659 42222013
  660 11332015
  660 22222010
  660 32222010
  660 42222010
  660 51222010
  660 62222016
  661 11332008
  661 22222012
  661 32222012
  661 42222012
  662 12332000
  662 21222013
  662 32222013
  662 41222015
  663 11331993
  663 22222013
  663 32222012
  667 11322014
  667 21222014
  669 12322012
  669 22229999
  669 32222012
  670 12332017
  670 22221993
  670 31321993
  670 41221998
  670 51121993
  670 62121993
  670 71221993
  670 81221993
  670 91221993
  670101322002
  670111221993
  670122122002
  670132222002
  670142221998
  670152221998
  670161221993
  670171221998
  670181222017
  670191221998
  670202222004
  670211221998
  670222222002
  670231222004
  670242221993
  670251222002
  670261222002
  673 11312011
  673 21222011
  673 32222011
  673 41222011
  673 52222011
  673 62222011
  673 72222011
  673 81222011
  673 92222011
  673102222011
  673112222011
  675 12322011
  675 21222011
  675 31222011
  675 41222011
  675 52222011
  675 61222011
  675 72222011
  675 81222011
  676 11321995
  678 11322012
  679 12332011
  679 22212011
  679 31212011
  679 42212011
  680 11232011
  680 22212011
  680 32212013
  680 42212011
  680 52212011
  680 62212013
  680 72212013
  680 81212013
  680 91212015
  680102212015
  680112212015
  681 12332011
  681 22222011
  681 32222011
  681 42222011
  681 51222012
  682 12312011
  682 22212011
  682 32212006
  682 42212011
  682 52212011
  682 62212011
  682 72212011
  683 12339999
  683 21929999
  683 31929999
  683 41929999
  683 51929999
  683 62929999
  683 72929999
  683 81929999
  683 91929999
  683101929999
  683112929999
  683122929999
  683132929999
  683142929999
  683151929999
  687 11331989
  687 22221993
  687 32312017
  687 42322013
  687 52329998
  687 62221998
  694 11331985
  694 21222011
  694 32222011
  694 41222011
  694 51229998
  694 61221997
  694 72222014
  694 82222011
  694 91222012
  694102222015
  694111222000
  694122222012
  695 12312012
  695 22212012
  695 31212008
  695 42112012
  695 52112012
  695 62212012
  695 72212012
  695 81112012
  695 92212012
  695101112012
  695112112012
  695122112011
  695132112012
  695141112011
  695151112011
  695161112012
  695171112012
  695181112012
  695191112012
  695201112011
  695212112012
  695221112012
  695231112012
  695241112011
  695252112012
  695261112012
  696 11331998
  696 21211998
  696 31211998
  696 41211998
  696 51211998
  698 12332012
  698 21221998
  698 31221990
  698 42222013
  698 51221994
  698 62222005
  699 12332008
  699 21212016
  699 31211994
  700 12332004
  700 21221995
  700 31222005
  702 12332016
  702 22222014
  702 32221996
  703 11329999
  703 21229999
  703 31229999
  703 42222013
  703 52222016
  703 61229999
  707 12339999
  707 22222003
  707 32222004
  707 42222004
  707 52222005
  708 12332012
  708 21222012
  708 31112015
  708 41112015
  708 51112017
  708 61212017
  710 11312002
  710 22211995
  710 31211995
  710 41211995
  710 52211986
  710 62211986
  710 72211986
  711 11322015
  711 22229999
  711 32229999
  711 42229999
  712 11312017
  712 22212017
  712 32212017
  712 42212017
  712 52212017
  712 62212017
  715 12331992
  715 22221999
  715 32229999
  715 41229999
  715 51221990
  716 12312003
  716 21111997
  717 11321990
  717 21221990
  717 31222000
  717 41221990
  717 51222000
  717 61222000
  718 12332003
  718 22222007
  718 31122003
  719 12332015
  720 11322015
  720 22222016
  720 31222014
  720 41222014
  720 51222012
  720 62222016
  720 71122010
  720 81222011
  722 11332000
  722 21222006
  722 31222010
  722 41121998
  722 51122014
  722 61222013
  722 72222006
  722 82122008
  722 92222014
  722101221999
  722111121998
  722122121999
  722131222000
  723 11332005
  723 21222005
  723 32222006
  723 42222005
  723 51222006
  723 61222005
  723 71222005
  723 81222017
  723 91222013
  725 11332011
  725 21222011
  725 32222011
  725 41222011
  725 51222011
  725 61222013
  725 72222011
  725 81222011
  725 92222012
  725102222012
  725111222016
  725122222012
  725132222012
  725141222012
  725152222012
  725161222011
  725172222011
  725181222011
  725192222012
  725201222011
  725211222012
  725222222011
  725231222017
  725241322012
  725251222012
  725262222016
  725271222012
  725281222012
  725292222016
  725301322011
  725312222016
  725321222016
  725331222012
  725341322012
  725351222012
  725361222012
  725371222012
  725382222012
  725391322011
  725401222011
  725412222012
  725421222011
  725431222012
  725442222011
  725452222012
  725462222011
  725471222012
  725482222012
  725492222011
  725502212016
  725511222011
  725521222012
  726 11332010
  726 21212010
  726 31212010
  726 42212010
  726 52212010
  726 61212010
  726 72212010
  726 81212010
  728 11331987
  728 22212012
  728 31111995
  728 42111995
  728 52112012
  729 12332012
  729 22222016
  729 31222007
  729 41322006
  729 51322007
  729 61322013
  729 72222006
  729 81222007
  729 92222007
  729101222006
  729112222007
  729121222006
  729132222006
  729142222007
  729151222007
  729161222007
  729172222007
  729182222013
  729192222013
  729201222006
  729211322013
  732 11322015
  732 21222015
  732 32222015
  732 42222015
  732 51322015
  732 62222015
  732 72222015
  732 81322015
  732 91322015
  732101322015
  734 11332017
  734 21222016
  736 12332016
  736 21112016
  736 31112016
  736 41112016
  736 51112016
  736 62212016
  736 71112016
  736 81112016
  738 11332006
  738 21222006
  738 31222006
  738 41222006
  738 52222006
  738 61112006
  738 71122006
  738 81122006
  739 11332016
  739 21212012
  739 31212012
  739 41312012
  739 51212012
  740 11331994
  740 21222009
  740 31222008
  740 41222016
  740 51222016
  740 62222016
  740 72122016
  740 81122016
  740 91122016
  742 12332006
  742 21221995
  742 31121996
  742 41221996
  742 51121996
  742 62221996
  742 71121996
  742 81121996
  742 91121996
  742102121996
  743 12332010
  743 21222015
  743 31122015
  743 41222015
  743 51222015
  743 61222015
  743 71222015
  744 12332009
  744 22929999
  744 31929999
  744 42929999
  744 51929999
  744 61929999
  744 72929999
  744 81929999
  744 91929999
  744101929999
  745 11332006
  745 21222006
  745 32222006
  745 41122006
  745 51122006
  745 61222006
  745 71122006
  745 81122006
  745 91222006
  745101222006
  747 12322006
  747 21222006
  747 31222006
  747 41222006
  747 51222007
  747 61222006
  747 71222006
  747 81222006
  747 92222008
  747102222008
  747112122008
  747122222008
  747131122006
  747142222006
  747151222006
  747161122006
  747171222006
  747181222006
  747191222006
  747201122006
  747212222008
  747221222006
  747231222006
  747241222006
  747251222006
  747261222006
  747272222006
  747281222006
  747291222006
  747301222006
  749 12332016
  749 22222013
  749 32222013
  749 42222013
  749 52222013
  749 62222013
  749 72222013
  749 82222013
  749 92222013
  749101222013
  749112222013
  749122222013
  749131222013
  749142222013
  749152222013
  749161222013
  749171222013
  749181222013
  752 12329998
  754 12312015
  754 21112015
  755 11319999
  755 21111997
  757 11332008
  757 21322008
  757 32212008
  757 42112008
  757 52212008
  757 62212008
  757 72212008
  757 82212017
  757 92212008
  757101212008
  757111212008
  757121212008
  757131212008
  757141212008
  758 12329998
  758 22229998
  759 11311983
  759 21111983
  759 32119999
  759 41119999
  759 51112016
  761 11331991
  761 22212012
  761 31212012
  761 42212012
  762 12322012
  762 22221998
  762 32222003
  762 41222000
  762 51221998
  762 61221998
  762 72221998
  762 81121990
  762 92221998
  763 12332012
  763 22322012
  763 31222012
  763 42222012
  763 51222012
  763 61222012
  763 72222012
  763 81222012
  764 11322012
  764 21222012
  764 31222012
  764 42222012
  764 51222017
  765 12332002
  765 21222012
  765 31222012
  765 42222012
  765 51222012
  767 12332012
  767 22222011
  767 31222011
  767 41221998
  767 51221998
  767 61221989
  767 72222011
  773 11332010
  773 21222010
  773 31222010
  773 41222010
  773 51222014
  773 61222010
  773 71222010
  773 82222010
  773 92222010
  773101222010
  773111222015
  773122322010
  773132222010
  776 11332002
  776 21222002
  776 31222002
  776 42322002
  776 52222002
  776 62222002
  776 72222002
  776 81222002
  776 92222002
  776102222002
  776112222002
  776121222002
  781 11322014
  781 21222016
  781 32222016
  781 41222016
  781 51222016
  781 61222014
  781 71222014
  781 81222014
  781 91222016
  781101222016
  781111222016
  781121222017
  781131222016
  781141222014
  781151222014
  781161322016
  781172322016
  781181222014
  781191222016
  781202222014
  781211222014
  781222222014
  781231222016
  781242222014
  781252222016
  781262222016
  781272222014
  781281222016
  781292222014
  781301222014
  781312222016
  781322222014
  781332222016
  781342222016
  781351222014
  781362222014
  781372222016
  781381222016
  781391222014
  781402222014
  781412222016
  781421222014
  781432222014
  781441222016
  781452222014
  781461222014
  781471229999
  781482229999
  781492222016
  781501222014
  781512222016
  781521222014
  781531222014
  781542222014
  781552222014
  781561222014
  781572222014
  781581222016
  781591222016
  781601222016
  781612922014
  781622922014
  781632922014
  781641922014
  781652922016
  781662922014
  781672922016
  781682922014
  781691922016
  781702922016
  781711922014
  781722922016
  781731922014
  781742922014
  781751922016
  781761922014
  781772922014
  781781922014
  781791922016
  781801922016
  781811222014
  781822122014
  781832222016
  781841222014
  781852122014
  781861222014
  781872222014
  781881222014
  781892122014
  781901222016
  781912222016
  781921122014
  781932222016
  781942222016
  781952222016
  781961922014
  781972222014
  781981222016
  784 11331983
  784 21222014
  784 32222014
  784 42222014
  784 52222014
  784 62222014
  784 72222016
  784 81222014
  784 91222016
  784101122014
  784112222014
  784121222016
  784132222014
  784141222016
  784151222014
  785 12312016
  786 12332012
  786 21222012
  787 11332014
  787 22322014
  787 31122016
  787 42122014
  787 51122014
  787 61122014
  787 71122014
  787 81222016
  787 92222016
  787101222016
  787111222016
  787122222016
  787131222016
  787142222016
  787152322016
  787162122014
  787171322014
  787182222014
  787192122014
  787202222014
  789 12321986
  789 21922014
  789 31922005
  789 41922016
  789 51922014
  789 61922016
  789 71921998
  789 82922016
  789 92922005
  789101922016
  789111922014
  789122922004
  789131922000
  789142922016
  789152922016
  789161922016
  789171922016
  789181922016
  789191922016
  789201922016
  794 12332015
  794 21322012
  794 31212002
  794 41111989
  794 51112002
  794 61222012
  794 71111991
  794 82211989
  794 91311990
  794101212012
  794111212006
  794121212009
  794131212012
  794141222012
  794151212000
  794161212009
  794171212006
  794181322012
  794191111991
  794201111991
  794211111987
  794222212012
  795 12322002
  795 22222002
  795 31222002
  795 42222002
  795 51222002
  795 62222002
  795 71222002
  795 81222002
  797 12332014
  797 22322002
  797 31222002
  797 42322002
  797 51222002
  797 61222002
  797 71222011
  797 81222011
  797 91222011
  797102322011
  797111222002
  797121322011
  797132322011
  797141322011
  797151322011
  797161222011
  797171222002
  797181222002
  797192222011
  797201322011
  797211222011
  797222222011
  797231322011
  798 12312017
  801 11332006
  801 21322006
  801 31222006
  801 41222006
  801 51222006
  801 62222006
  801 72222010
  801 81222006
  802 11332006
  802 21222006
  802 31222006
  802 41222006
  802 51222006
  802 62322006
  802 71222006
  802 82222002
  802 92222006
  802101222006
  802111222006
  802121222006
  802131222006
  802142222006
  802151222006
  802161222006
  802172222006
  802181222006
  802191222006
  802201222006
  802211222006
  802221222006
  802231222006
  802241222002
  802251222006
  802261322006
  802272222006
  802281322006
  802291322006
  802301322006
  802311322006
  802322222006
  802331222006
  802341222006
  802351222016
  802361222006
  802371222006
  802381222006
  802391222006
  803 11332006
  803 21222015
  803 31222006
  803 41222006
  803 51222006
  803 61222006
  803 71222006
  804 12332012
  804 21222006
  804 31322010
  804 41222006
  804 51222006
  804 61222003
  804 71222004
  804 81222006
  804 91222003
  804101222015
  804111222006
  804121222010
  804132222003
  804141222010
  804151222003
  804161222003
  804172222003
  804181222010
  804191222015
  804202222015
  805 12332010
  805 22212010
  805 31212006
  805 41212006
  805 51212014
  805 61212006
  805 71212006
  808 11332002
  808 21222006
  808 31222002
  808 41222002
  808 51222006
  808 61322002
  808 71222003
  808 81222003
  808 91322006
  808101229998
  810 11332002
  810 22222002
  810 31222012
  810 42222006
  810 51222008
  810 62222007
  810 71222006
  810 82222006
  810 91222003
  810101222003
  811 11332004
  811 21911996
  811 31911996
  811 41911996
  811 52911985
  812 12329998
  812 21229998
  812 32229998
  812 42229998
  812 51229998
  816 12332002
  816 22212010
  816 32212010
  816 42212010
  823 12312013
  832 12312007
  834 12331999
  834 21221997
  834 31221997
  835 12332017
  835 22222017
  835 31222017
  835 42222017
  835 51222017
  835 61222017
  835 71222017
  836 12332017
  836 21322017
  836 31222017
  836 42222017
  836 52222017
  836 61322017
  836 71222017
  840 12332016
  840 22222017
  840 32222017
  840 41222017
  840 51222017
  840 61222017
  840 71222017
  840 82222017
  840 92222017
  840101222017
  840112222017
  840122222017
  840132222017
  840142222017
  840151222017
  844 12332018
  844 22222018
  844 32222018
  844 41222018
  844 52222018
  845 11331985
  846 12332018
  846 21222018
  846 32222018
  846 41222018
  846 51222018
  847 12332006
  847 22222016
  848 12332007
  848 22322018
  848 31222018
  848 42222018
  848 51222018
  848 62222018
  848 72222018
  848 82222018
  848 92222018
  848102222018
  848112222018
  848121222018
  848132222018
  848142222018
  848151222018
  848162222018
  848172222018
  848181222018
  848191222018
  848202222018
  848212222018
  851 11332007
  851 21122008
  851 32222010
  851 42222008
  851 51222016
  851 61222005
  851 71222017
  851 81322017
  856 12332016
  856 22322016
  856 32222016
  856 42222016
  856 51222016
  856 61222016
  856 71222016
  856 82222016
  856 92222016
  856102222016
  858 11311987
  858 21119999
  858 32119999
  859 11329999
  859 22229999
  860 12339998
  860 22222016
  860 31229999
  863 12332007
  863 21221995
  863 32222000
  863 41222013
  863 51222013
  863 61222001
  863 71222013
  863 81222013
  863 92222013
  863102222013
  863112222013
  863121222013
  863132222013
  863141222013
  867 11322014
  867 21222018
  867 31322014
  867 41322014
  867 52322014
  867 62222018
  867 71322014
  867 81322014
  867 92322014
  867102122018
  867111322014
  867122222014
  867131322014
  867141312006
  867151211997
  867161119999
  867171119999
  867181211997
  867191311997
  867201322014
  867211322014
  867221322018
  867231322014
  868 11322018
  868 21922018
  869 11322018
  870 11329999
  870 21919999
  870 31119999
  870 41219999
  870 51229999
  870 61229999
  870 71229999
  870 81119999
  870 91119999
  870102119999
  870112119999
  870121219999
  870131219999
  874 12332015
  874 21111979
  878 12332011
  878 21221989
  878 32222000
  878 41222000
  878 52212015
  878 61212000
  878 71112004
  878 81222003
  881 12331998
  881 21221992
  881 31212000
  886 11311980
  886 21211987
  888 12339999
  888 22222006
  888 31922006
  888 41922006
  888 51212014
  888 62922006
  888 72922006
  888 82922006
  888 92222006
  888102222006
  888112922006
  888121922006
  888132922006
  888141222006
  888151922006
  888161922006
  888171922006
  888181922006
  888191922006
  888201922006
  888211922006
  889 12332005
  889 21121994
  892 11322017
  894 12322015
  894 21222014
  895 11332015
  895 21222015
  895 32222015
  895 42322015
  895 51222015
  895 62222015
  895 72222015
  895 81222015
  895 91222015
  895101222015
  895112222015
  895121222015
  895132222015
  895141222015
  895151222015
  895162222015
  896 12332014
  896 21222015
  896 31222015
  898 11332008
  898 22229998
  898 31229998
  898 42229998
  898 51229998
  898 61229998
  898 72229998
  898 82229998
  898 91219998
  898102229998
  898112229998
  898122229998
  898132229998
  898142229998
  898151229998
  898161229998
  898171229998
  898182229998
  898191229998
  898202229998
  898211229998
  898222229998
  898231229998
  898241229998
  898252229998
  898262229998
  898271229998
  898282229998
  898291229998
  898301229998
  898311229998
  898321229998
  898332229998
  898341229998
  898352229998
  898361229998
  898371229998
  898381229998
  898391229998
  898402229998
  898412229998
  898421229998
  898431229998
  898441229998
  898451229998
  898461229998
  898471229998
  898481229998
  899 11322016
  900 12332013
  900 22222018
  900 32322018
  900 41212013
  900 51322016
  901 12322016
  901 21222017
  901 32322016
  902 12332003
  902 21122003
  902 31222003
  902 42122003
  902 52122003
  903 12332006
  903 21222006
  903 31222006
  903 41222006
  903 52222006
  903 62222006
  903 71221982
  903 82222015
  903 91222006
  903102222006
  903111222006
  903122222006
  903131222006
  903141222015
  903151222006
  903161222006
  903171222006
  903182222006
  903192222006
  903202322011
  903212322006
  906 11312015
  906 22222016
  906 31222015
  906 42212003
  906 52212015
  906 62222017
  906 71212017
  906 81212003
  906 91222017
  906101212003
  906111212003
  906121212016
  906132222016
  909 12312009
  909 21211983
  909 31211983
  909 41211983
  910 11322012
  910 22112012
  913 11322017
  913 22222017
  913 32222017
  913 41222017
  913 52222017
  913 62222017
  913 71222017
  914 12332015
  914 21222015
  914 32222015
  914 41222015
  914 52222015
  914 62222015
  914 72222015
  914 82222015
  914 91222017
  914101222015
  914111222015
  914121222015
  914132222015
  914141222015
  914151112015
  914161112015
  915 11322016
  915 22222016
  915 32222016
  915 41222016
  915 52222016
  915 61222016
  915 71222016
  916 11322017
  916 22222017
  916 31222017
  916 41222017
  916 51222017
  916 61322017
  916 72222017
  919 11331993
  919 21221990
  919 31221990
  919 41222008
  919 52222015
  919 61222015
  919 71221993
  919 81222015
  919 92221992
  919102221992
  919111222015
  919122222015
  919131222015
  919141221992
  919152222015
  919161222015
  919172222015
  919181222015
  919192221992
  919201221992
  919211222015
  919222221992
  919232221992
  921 12321992
  922 12332017
  922 21222017
  922 31222017
  922 42222017
  922 51222017
  922 61222017
  922 71222017
  922 81222017
  922 91222017
  922102222017
  922111222017
  922122222017
  922131222017
  922142222017
  923 11332017
  923 21222017
  923 31222017
  923 41222017
  923 51222017
  924 11312006
  924 21122006
  924 31222010
  924 42222010
  924 51222015
  924 62112017
  924 71122006
  924 81122006
  924 91122006
  924101112017
  924111112017
  924121122006
  924131122006
  924141122014
  924151122009
  924161222016
  924172222016
  924181222016
  924191922016
  924201122010
  924211922016
  924221922016
  924231929999
  925 12332016
  925 22222016
  925 32222016
  925 41222016
  925 52222016
  925 61222016
  925 71222016
  926 11332016
  926 22222016
  926 32322016
  926 41222016
  926 51222016
  926 61222016
  926 71222016
  926 81222016
  926 92222016
  927 11329999
  927 21219999
  928 11322016
  928 21322017
  928 32222017
  928 42222017
  928 52222017
  928 62222017
  928 72322017
  928 81222017
  930 11332017
  930 22222017
  930 31222017
  930 41229999
  932 12332016
  932 22322016
  932 31222016
  932 41222016
  932 51222016
  932 62222016
  932 72222016
  932 82222016
  933 11332017
  933 22222017
  933 32322017
  933 42122017
  933 52222017
  933 61222017
  933 71222017
  933 81222017
  933 91222017
  933101222017
  933111121993
  933122222017
  935 11312008
  935 21212007
  935 31222016
  935 42222016
  935 51222016
  935 62222016
  935 71222016
  935 81222016
  935 91222016
  935102222016
  935112222016
  935121222016
  935131222016
  935141222016
  935151222016
  935161222016
  935171222016
  935181222016
  935191222016
  935201222016
  935212222016
  941 11311994
  941 21111998
  941 31212000
  941 41111994
  941 52322005
  941 61212005
  942 12312017
  942 22212017
  945 12332011
  945 21222004
  945 31222004
  945 41222004
  945 51222004
  945 62222004
  945 71122004
  945 81222004
  945 91222004
  945101222004
  945111222004
  945121222004
  945131222004
  945141222004
  945151222004
  945162222004
  945171222004
  945182322015
  945192222016
  945201222004
  945211222016
  945222222004
  949 11312017
  949 21212017
  955 11332017
  955 22112017
  955 32912017
  955 42912017
  955 52912017
  957 12332016
  957 22211976
  957 31211986
  957 42211976
  957 51211976
  957 61211988
  957 72211976
  957 82212017
  966 12332006
  966 22222006
  966 32222006
  966 42222006
  966 51222006
  966 62222006
  966 72222006
  966 82222006
  967 12339998
  967 22222006
  967 31229998
  967 42222006
  968 12332006
  968 22222015
  968 32222006
  968 41222008
  968 52322006
  969 12332008
  969 22122006
  969 32122006
  969 42222013
  969 51222006
  969 61222006
  969 72222014
  970 12332006
  970 22222008
  970 32222013
  970 42222006
  970 51222008
  972 11332006
  972 22222006
  972 32222011
  972 42222006
  972 51222015
  973 12331999
  973 21221986
  973 31221999
  973 42222015
  973 51222017
  973 61222017
  973 71222017
  973 81222017
  974 12332015
  974 22222017
  974 31222017
  974 41222016
  974 52222015
  974 62222015
  974 72222015
  975 12332005
  975 21221999
  975 31221999
  975 42221999
  975 51222017
  975 61222017
  975 71222017
  975 82221999
  976 11322017
  976 22222017
  977 12332014
  977 22222014
  977 31222014
  977 42222015
  977 52222015
  977 62222015
  977 72222015
  977 82222015
  977 92222015
  977102222015
  977111222015
  977122222015
  977131222015
  977141222015
  977152222015
  977161222015
  977172222015
  977182222015
  977192222015
  977202222015
  977212222015
  977222222015
  977232222015
  977242222015
  977252222016
  979 12312017
  980 12322015
  980 21222015
  980 32222015
  980 42222015
  980 51222015
  980 61222015
  980 72222015
  980 82222015
  980 91222015
  980101222015
  980111222015
  980121222015
  980132222015
  980142222015
  980152222015
  983 12332008
  983 22222017
  983 31222017
  983 42222017
  983 52222017
  987 12322017
  987 22222017
  988 11311988
  988 22212013
  988 32212013
  988 42211990
  992 11332005
  992 21212006
  992 31212008
  992 42212006
  992 52212006
  992 61112006
  993 11322006
  993 21212006
  993 31212006
  993 42112010
  994 11332006
  994 22212006
  994 31212006
  994 41212006
  994 52212006
  994 62212006
  994 71222015
  995 12332011
  995 21222005
  995 32222006
  995 41222006
  995 51222006
  995 61222012
  995 72122006
  995 81222008
  995 91222008
  995102222006
  995111222006
  995121122006
  995131222006
  995141222006
  995151222008
  995162122006
  995172222006
  995182222006
  995191222006
  995201222006
  995212222005
  995221122005
  995231222006
  995241222012
  996 11332016
  996 21111992
  996 31112000
  996 41211994
  997 12332017
  997 22322015
  997 31121998
  997 41122017
  997 51222015
  997 62222015
  997 72222015
  997 81222018
  998 12331983
  998 22222016
  999 12332012
  999 21211992
  999 31221992
  999 41111992
  999 52111992
 1000 12332010
 1000 21212015
 1000 31212010
 1001 12332006
 1001 22322017
 1001 31221994
 1001 41211994
 1001 51112015
 1001 61312015
 1002 12332011
 1002 22222006
 1002 31222006
 1003 12332003
 1003 22222006
 1003 31222013
 1004 12332011
 1004 21222006
 1004 32222006
 1004 41222015
 1004 51222015
 1005 12321999
 1005 22111997
 1005 31221998
 1006 12332006
 1006 21121996
 1006 31321994
 1007 12322014
 1008 12311998
 1008 22211998
 1008 32111998
 1010 12322000
 1010 21211992
 1010 32212001
 1010 41212003
 1010 52112000
 1010 61211992
 1010 72212000
 1010 81212004
 1010 92212000
 1010102112004
 1010112112000
 1010122112000
 1010132112001
 1010142112002
 1010152112000
 1010161211992
 1010172112002
 1010182212000
 1011 12311993
 1011 22211993
 1011 31211993
 1011 41211993
 1011 51211993
 1011 61111993
 1011 72211993
 1011 82211993
 1014 12311993
 1014 22211993
 1014 32112017
 1015 12322009
 1015 22112011
 1015 32112011
 1015 42112011
 1015 51112011
 1016 11312012
 1017 12322013
 1017 22221998
 1020 12312017
 1020 22221995
 1020 32211995
 1020 41211998
 1020 52221995
 1020 62211998
 1020 72212015
 1021 12321993
 1021 21212003
 1022 11321988
 1022 21221993
 1023 11329998
 1023 22219998
 1023 31129998
 1023 42119998
 1023 51119998
 1023 61119998
 1023 71119998
 1023 81212002
 1023 91212002
 1023101219998
 1023111119998
 1024 11321990
 1024 22121990
 1025 11321993
 1025 21221992
 1025 31221992
 1025 41222000
 1025 51221992
 1025 62221993
 1025 71221993
 1025 81221993
 1026 11322016
 1026 21211995
 1027 12312014
 1027 22112001
 1027 31212001
 1027 41112000
 1027 51112001
 1027 61212001
 1027 71112001
 1027 81222001
 1028 11311988
 1028 22211988
 1028 31211988
 1028 41111995
 1028 51211995
 1028 61111995
 1028 72111995
 1028 81211995
 1028 92211988
 1028101211988
 1028112211995
 1029 11311992
 1029 21211992
 1029 31111992
 1032 11322014
 1032 21222014
 1032 31222014
 1032 42222014
 1032 52222014
 1032 62222014
 1032 71222014
 1032 81222014
 1034 11322016
 1035 12332016
 1035 21229999
 1035 32919999
 1035 42212016
 1035 51919999
 1037 11312014
 1039 12332018
 1039 21222006
 1039 32222011
 1039 41222006
 1040 11322006
 1040 22222006
 1040 32222006
 1040 42322017
 1040 51322017
 1040 61322017
 1043 11322015
 1043 22322015
 1043 31222015
 1043 42111992
 1043 51111992
 1044 11329998
 1044 21329998
 1044 32329998
 1044 41329998
 1044 52229998
 1044 62229998
 1044 71229998
 1044 82229998
 1044 92329998
 1044101329998
 1044112329998
 1045 11332011
 1045 21222014
 1045 31222014
 1045 42222014
 1045 52222014
 1051 11322010
 1051 22912010
 1051 32912010
 1051 41912010
 1051 52912010
 1051 62912010
 1052 12332004
 1052 21222014
 1052 32222014
 1059 12332011
 1059 21222006
 1059 31222006
 1059 42222011
 1060 12332008
 1060 22222006
 1060 31222000
 1060 42122006
 1060 52222006
 1060 62222006
 1060 72222014
 1060 81222012
 1060 91212013
 1060101212013
 1062 11321985
 1063 12332013
 1063 22322013
 1063 31222013
 1063 41222013
 1063 51222013
 1063 61222013
 1063 71322013
 1063 81322013
 1063 91222013
 1063101222013
 1063111322013
 1063121222013
 1063131222013
 1063141222013
 1063152222013
 1063161222013
 1063172222013
 1063181222013
 1063191222013
 1063201322017
 1063211222017
 1063221322017
 1063232222017
 1063241222017
 1063251222017
 1063261222017
 1063271222017
 1063281222017
 1063292222017
 1063301222017
 1063311222017
 1063321222017
 1063331322017
 1063341222016
 1064 11332006
 1064 21222006
 1064 31222006
 1064 41122006
 1064 51122006
 1064 61122006
 1064 71322006
 1064 82122006
 1066 12332011
 1066 22222006
 1066 31222006
 1067 11332008
 1067 21222006
 1067 32222006
 1067 41222006
 1067 51222006
 1067 61122006
 1067 71222006
 2005 11332015
 2005 22122015
 2005 31122015
 2005 41122015
 2005 51122015
 2005 61222015
 2005 71222015
 2019 11322010
 2020 11332017
 2020 21322017
 2020 31222017
 2020 42222017
 2021 11322014
 2021 21212014
 2021 31222014
 2021 41222014
 2021 51222014
 2021 61212014
 2021 71212014
 2021 81222016
 2021 91222016
 2021102222014
 2021112212014
 2021122222014
 2021132222014
 2021142222014
 2021151222016
 2021161212018
 2021171212018
 2021181212018
 2021191212018
 2021201212018
 2021212212018
 2021222212018
 2021231212018
 2021241212014
 2021251212014
 2021261212014
 2021271212014
 2029 11322017
 2030 11312013
 2033 12332013
 2033 21222014
 2033 32222014
 2033 41222014
 2038 12322017
 2038 21322017
 2038 32322017
 2038 42322017
 2038 51322017
 2038 62322017
 2038 71322017
 2038 81322017
 2038 91322017
 2038101322017
 2038111322017
 2038122222012
 2038131222012
 2038141222012
 2038152222012
 2038162222012
 2045 12332014
 2045 22312017
 2045 31222017
 2045 42212017
 2045 52212017
 2050 12332010
 2050 22222015
 2050 32222013
 2050 42322017
 2050 52322017
 2050 62222012
 2065 12312017
 2070 12322014
 2070 21322015
 2070 32322012
 2070 42322011
 2070 51322017
 2070 61322017
 2070 72322017
 2071 11322017
 2071 22312017
 2071 32312017
 2071 42312017
 2071 52312017
 2073 12311998
 2076 12331996
 2076 22922004
 2076 32921992
 2083 12322011
 2083 22922011
 2083 32922011
 2083 42922011
 2083 52922011
 2088 11312009
 2094 12312016
 2095 11332017
 2095 22212017
 2095 32212017
 2095 42212017
 2095 52212017
 2096 12312017
 2096 21312013
 2097 12332010
 2097 22222016
 2097 32222008
 2097 42222016
 2097 52222016
 2097 62222010
 2097 72222017
 2097 82222010
 2097 92222016
 2097101222003
 2097112222008
 2097121222006
 2097132222009
 2097142222013
 2097152222008
 2097162222008
 2113 12332015
 2113 21212015
 2113 31212015
 2113 42212017
 2113 52212010
 2113 62212015
 2117 11339999
 2117 21929999
 2117 31922012
 2117 42929999
 2117 52929999
 2117 62929999
 2117 72922012
 2117 81929999
 2117 91929999
 2118 11332004
 2118 21212004
 2118 32212004
 2118 41212007
 2118 52212009
 2120 12332014
 2120 21112016
 2120 31112016
 2130 11332017
 2144 11322003
 2144 22222014
 2144 31222014
 2144 41222014
 2144 52222018
 2144 61222014
 2149 12332017
 2149 22222017
 2149 31322017
 2149 41222017
 2149 52222017
 2149 61122017
 2149 72122017
 2149 82222017
 2149 92322017
 2150 12321984
 2160 11312013
 2160 21112013
 2161 12322017
 2161 21312013
 2161 32222017
 2161 42112013
 2161 52112013
 2161 61222017
 2161 72112013
 2161 82212013
 2161 92112013
 2161102212013
 2161112222017
 2161121212013
 2161132212013
 2161141112013
 2166 12332016
 2166 22222016
 2166 32222016
 2167 11322015
 2170 11312017
 2173 11332011
 2173 21112013
 2173 31112013
 2173 41212013
 2173 51222013
 2173 61122004
 2179 11322008
 2181 11322010
 2181 21222010
 2181 32222010
 2181 41222010
 2181 51222010
 2182 12322015
 2182 22222015
 2182 31222015
 2182 42222015
 2182 52222015
 2182 62222015
 2182 72222015
 2182 81222015
 2182 91222015
 2182102222017
 2182112222017
 2183 12331995
 2183 22211985
 2183 31911985
 2183 42911985
 2183 51911985
 3002 12322016
 3002 21122011
 3002 32222012
 3021 11312002
 3064 12332012
 3064 21222012
 3082 12332009
 3082 21211998
 3082 32211996
 3082 41211998
 3082 51211998
 3082 62212000
 3082 71212008
 3082 81212009
 3082 91212009
 3082101212000
 3082111119999
 3082121212000
 3083 12332012
 3083 22229998
 3083 31322011
 3083 42329998
 3083 52222008
 3084 12332009
 3084 21222003
 3084 31222002
 3084 41222003
 3084 52222003
 3084 62222002
 3084 72222003
 3101 12331993
 3101 22112018
 3101 32112018
 3121 12331998
 3121 22121998
 3121 32322013
 3121 42221998
 3121 52221998
 3121 62222017
 3121 72222017
 3121 82221998
 3241 11322014
 3241 22222014
 3241 32222014
 3241 41222014
